sklearn_version: 1.5.2
pandas_version: 2.3.3
numpy_version: 1.26.4
trained_date: 2025-12-12T22:02:50.296012
model_type: RandomForestClassifier
accuracy: 0.9990812889176223
roc_auc: 0.9999976686666492
