sklearn_version: 1.5.2
pandas_version: 2.3.3
numpy_version: 1.26.4
trained_date: 2025-12-12T21:55:06.249118
model_type: RandomForestClassifier
accuracy: 0.9991153152540067
roc_auc: 0.9999976581863914
